1 10000 100 156 1
1 10000 110 164 1
1 10000 120 176 1
1 10000 130 192 1
1 10000 140 180 0
1 10000 150 189 0
1 10000 160 198 0
1 10000 170 214 0
1 10000 180 234 0
1 10000 190 286 1
1 10000 200 251 0
1 10000 210 319 1
1 9999 220 276 0
1 9999 230 286 0
1 9999 240 369 1
1 10000 250 306 0
1 10000 260 375 1
1 10000 270 330 0
1 10000 280 399 1
1 9999 290 357 0
1 10000 300 427 1
1 10000 310 376 0
1 10000 320 465 1
1 10000 330 401 0
1 10000 340 408 0
1 10000 350 499 1
1 10000 360 428 0
1 10000 370 529 1
1 10000 380 456 0
1 9999 390 467 0
1 10000 400 567 1
1 10000 410 502 0
1 10000 420 500 0
1 10000 430 620 1
1 9999 440 630 1
1 10000 450 538 0
1 10000 460 545 0
1 10000 470 554 0
1 10000 480 573 0
1 10000 490 684 1
1 10000 500 707 1
1 10000 510 604 0
1 10000 520 723 1
1 10000 530 623 0
1 10000 540 628 0
1 9999 550 641 0
1 10000 560 658 0
1 10000 570 667 0
1 10000 580 688 0
1 10000 590 686 0
1 9999 600 712 0
1 10000 610 758 0
1 10000 620 730 0
1 9999 630 737 0
1 10000 640 892 1
1 10000 650 907 1
1 10000 660 924 1
1 10000 670 768 0
1 10000 680 795 0
1 9999 690 806 0
1 10000 700 817 0
1 10000 710 967 1
1 10000 720 829 0
1 10000 730 833 0
1 10000 740 852 0
1 10000 750 1038 1
1 10000 760 872 0
1 9999 770 890 0
1 9999 780 1054 1
1 9999 790 919 0
1 10000 800 1095 1
1 10000 810 1103 1
1 9999 820 930 0
1 10000 830 943 0
1 10000 840 1136 1
1 9999 850 961 0
1 10000 860 984 0
1 10000 870 984 0
1 10000 880 1184 1
1 10000 890 1005 0
1 10000 900 1195 1
1 10000 910 1206 1
1 10000 920 1246 1
1 10000 930 1042 0
1 10000 940 1259 1
1 10000 950 1344 1
1 10000 960 1081 0
1 9999 970 1294 1
1 10000 980 1307 1
1 10000 990 1100 0
1 9999 1000 1333 1
1 10000 1010 1328 1
1 10000 1020 1131 0
1 10000 1030 1152 0
1 10000 1040 1367 1
1 10000 1050 1171 0
1 9999 1060 1171 0
1 10000 1070 1413 1
1 10000 1080 1184 0
1 9999 1090 1418 1
1 10000 1100 1444 1
1 10000 1110 1440 1
1 9999 1120 1229 0
1 10000 1130 1239 0
1 10000 1140 1509 1
1 10000 1150 1498 1
1 10000 1160 1251 0
1 10000 1170 1525 1
1 10000 1180 1543 1
1 10000 1190 1542 1
1 10000 1200 1554 1
1 10000 1210 1556 1
1 10000 1220 1597 1
1 10000 1230 1600 1
1 10000 1240 1593 1
1 10000 1250 1614 1
1 10000 1260 1355 0
1 10000 1270 1368 0
1 10000 1280 1618 1
1 9999 1290 1429 0
1 10000 1300 1403 0
1 10000 1310 1666 1
1 10000 1320 1413 0
1 10000 1330 1701 1
1 10000 1340 1425 0
1 9999 1350 1441 0
1 10000 1360 1583 0
1 10000 1370 1739 1
1 9999 1380 1771 1
1 9999 1390 1751 1
1 10000 1400 1486 0
1 10000 1410 1501 0
1 10000 1420 1780 1
1 10000 1430 1509 0
1 10000 1440 1519 0
1 10000 1450 1809 1
1 10000 1460 1536 0
1 10000 1470 1547 0
1 9999 1480 1854 1
1 10000 1490 1868 1
1 10000 1500 1871 1
1 10000 1510 1896 1
1 9999 1520 1916 1
1 10000 1530 1901 1
1 10000 1540 1907 1
1 10000 1550 1913 1
1 10000 1560 1934 1
1 10000 1570 1919 1
1 10000 1580 1949 1
1 10000 1590 1642 0
1 10000 1600 1972 1
1 10000 1610 1680 0
1 10000 1620 1987 1
1 9999 1630 1686 0
1 10000 1640 1710 0
1 10000 1650 1712 0
1 10000 1660 1693 0
1 10000 1670 2043 1
1 9999 1680 1719 0
1 10000 1690 1731 0
1 10000 1700 2102 1
1 9999 1710 1760 0
1 9999 1720 1755 0
1 10000 1730 2119 1
1 10000 1740 2103 1
1 10000 1750 1799 0
1 10000 1760 2136 1
1 10000 1770 2133 1
1 10000 1780 1796 0
1 10000 1790 1800 0
1 10000 1800 1832 0
1 10000 1810 1841 0
1 9999 1820 2199 1
1 9999 1830 2331 1
1 10000 1840 2194 1
1 9999 1850 1869 0
1 10000 1860 1896 0
1 10000 1870 1872 0
1 10000 1880 1897 0
1 10000 1890 2254 1
1 9999 1900 2257 1
1 10000 1910 2244 1
1 10000 1920 2277 1
1 10000 1930 2307 1
1 10000 1940 2303 1
1 10000 1950 2308 1
1 9999 1960 2327 1
1 10000 1970 1964 0
1 10000 1980 2341 1
1 10000 1990 2339 1
1 10000 2000 2313 1
1 10000 2010 2370 1
1 10000 2020 1999 0
1 10000 2030 1997 0
1 10000 2040 2010 0
1 10000 2050 2014 0
1 9999 2060 2046 0
1 10000 2070 2039 0
1 10000 2080 2450 1
1 10000 2090 2056 0
1 10000 2100 2074 0
1 10000 2110 2068 0
1 10000 2120 2067 0
1 10000 2130 2071 0
1 10000 2140 2075 0
1 10000 2150 2487 1
1 10000 2160 2499 1
1 10000 2170 2095 0
1 10000 2180 2508 1
1 9999 2190 2533 1
1 10000 2200 2149 0
1 10000 2210 2559 1
1 10000 2220 2545 1
1 9999 2230 2137 0
1 10000 2240 2707 1
1 10000 2250 2578 1
1 10000 2260 2163 0
1 10000 2270 2585 1
1 10000 2280 2188 0
1 9999 2290 2178 0
1 9999 2300 2582 1
1 10000 2310 2594 1
1 10000 2320 2209 0
1 10000 2330 2237 0
1 10000 2340 2646 1
1 10000 2350 2232 0
1 9999 2360 2647 1
1 10000 2370 2250 0
1 10000 2380 2668 1
1 9999 2390 2258 0
1 9999 2400 2689 1
1 9999 2410 2268 0
1 10000 2420 2736 1
1 10000 2430 2309 0
1 9999 2440 2717 1
1 10000 2450 2714 1
1 10000 2460 2725 1
1 10000 2470 2756 1
1 10000 2480 2740 1
1 9999 2490 2297 0
1 10000 2500 2791 1
1 9999 2510 2318 0
1 10000 2520 2744 1
1 10000 2530 2802 1
1 10000 2540 2356 0
1 10000 2550 2358 0
1 10000 2560 2801 1
1 10000 2570 2362 0
1 10000 2580 2835 1
1 10000 2590 2356 0
1 10000 2600 2835 1
1 10000 2610 2376 0
1 9999 2620 2850 1
1 10000 2630 2863 1
1 10000 2640 2842 1
1 9999 2650 2408 0
1 10000 2660 2432 0
1 10000 2670 2427 0
1 10000 2680 2948 1
1 10000 2690 2895 1
1 10000 2700 2934 1
1 10000 2710 2428 0
1 10000 2720 2460 0
1 10000 2730 2417 0
1 10000 2740 2914 1
1 10000 2750 2947 1
1 10000 2760 2937 1
1 10000 2770 2955 1
1 10000 2780 2979 1
1 10000 2790 2977 1
1 10000 2800 2973 1
1 10000 2810 2964 1
1 9999 2820 3011 1
1 10000 2830 2989 1
1 10000 2840 2995 1
1 9999 2850 3016 1
1 9999 2860 2535 0
1 10000 2870 3058 1
1 9999 2880 2536 0
1 10000 2890 3035 1
1 10000 2900 3023 1
1 10000 2910 2549 0
1 10000 2920 2559 0
1 10000 2930 2585 0
1 10000 2940 2673 0
1 10000 2950 2570 0
1 10000 2960 2594 0
1 10000 2970 2609 0
1 10000 2980 2617 0
1 10000 2990 2586 0
1 10000 3000 3129 1
1 10000 3010 3119 1
1 9999 3020 2598 0
1 10000 3030 3146 1
1 9999 3040 2629 0
1 9999 3050 2654 0
1 10000 3060 3104 1
1 9999 3070 2629 0
1 9999 3080 3144 1
1 10000 3090 3177 1
1 10000 3100 2650 0
1 9999 3110 2665 0
1 10000 3120 3205 1
1 9999 3130 3166 1
1 10000 3140 2691 0
1 10000 3150 3158 1
1 10000 3160 3201 1
1 10000 3170 2691 0
1 10000 3180 2717 0
1 9999 3190 3229 1
1 10000 3200 3228 1
1 10000 3210 2712 0
1 10000 3220 3207 1
1 10000 3230 3245 1
1 10000 3240 2734 0
1 10000 3250 2716 0
1 10000 3260 3258 1
1 10000 3270 2733 0
1 10000 3280 2766 0
1 10000 3290 2848 0
1 10000 3300 2807 0
1 10000 3310 3425 1
1 10000 3320 3349 1
1 9999 3330 2826 0
1 10000 3340 3422 1
1 10000 3350 2812 0
1 10000 3360 2863 0
1 9999 3370 3414 1
1 9999 3380 3417 1
1 10000 3390 2828 0
1 10000 3400 3480 1
1 10000 3410 2792 0
1 9999 3420 2804 0
1 10000 3430 3392 1
1 10000 3440 2835 0
1 10000 3450 3376 1
1 10000 3460 2813 0
1 10000 3470 3348 1
1 9999 3480 2801 0
1 10000 3490 3370 1
1 10000 3500 3348 1
1 10000 3510 2821 0
1 10000 3520 3397 1
1 10000 3530 2859 0
1 10000 3540 2876 0
1 9999 3550 2873 0
1 10000 3560 3390 1
1 10000 3570 3372 1
1 10000 3580 2879 0
1 9999 3590 3398 1
1 9999 3600 2851 0
1 9999 3610 3410 1
1 10000 3620 3400 1
1 10000 3630 3421 1
1 10000 3640 2889 0
1 10000 3650 3427 1
1 10000 3660 3435 1
1 10000 3670 2889 0
1 10000 3680 2888 0
1 10000 3690 3471 1
1 10000 3700 2964 0
1 10000 3710 3439 1
1 9999 3720 3466 1
1 10000 3730 3458 1
1 9999 3740 3470 1
1 10000 3750 2910 0
1 10000 3760 2954 0
1 10000 3770 3485 1
1 10000 3780 2900 0
1 10000 3790 2927 0
1 10000 3800 3496 1
1 10000 3810 3528 1
1 9999 3820 3484 1
1 10000 3830 3551 1
1 10000 3840 3519 1
1 10000 3850 2938 0
1 10000 3860 3518 1
1 9999 3870 3525 1
1 10000 3880 3495 1
1 10000 3890 3538 1
1 10000 3900 3560 1
1 10000 3910 3000 0
1 10000 3920 3005 0
1 10000 3930 2989 0
1 10000 3940 2978 0
1 10000 3950 3548 1
1 10000 3960 3535 1
1 10000 3970 3539 1
1 10000 3980 3690 1
1 10000 3990 3524 1
1 10000 4000 3559 1
1 10000 4010 3560 1
1 10000 4020 3023 0
1 10000 4030 3581 1
1 10000 4040 2975 0
1 10000 4050 3012 0
1 10000 4060 3603 1
1 10000 4070 3653 1
1 10000 4080 3561 1
1 10000 4090 3598 1
1 10000 4100 3538 1
1 9999 4110 3674 1
1 10000 4120 3635 1
1 9999 4130 3597 1
1 10000 4140 3027 0
1 10000 4150 3544 1
1 10000 4160 3633 1
1 10000 4170 3048 0
1 10000 4180 3620 1
1 10000 4190 3195 0
1 9999 4200 3220 0
1 10000 4210 3656 1
1 10000 4220 3044 0
1 10000 4230 3044 0
1 9999 4240 3083 0
1 10000 4250 3044 0
1 10000 4260 3107 0
1 10000 4270 3044 0
1 10000 4280 3060 0
1 10000 4290 3076 0
1 10000 4300 3065 0
1 9999 4310 3087 0
1 10000 4320 3044 0
1 10000 4330 3057 0
1 9999 4340 3077 0
1 9999 4350 3072 0
1 10000 4360 3072 0
1 10000 4370 3117 0
1 10000 4380 3089 0
1 10000 4390 3059 0
1 9999 4400 3071 0
1 10000 4410 3078 0
1 10000 4420 3101 0
1 9999 4430 3700 1
1 10000 4440 3643 1
1 10000 4450 3677 1
1 10000 4460 3124 0
1 10000 4470 3648 1
1 10000 4480 3703 1
1 10000 4490 3103 0
1 10000 4500 3122 0
1 10000 4510 3118 0
1 10000 4520 3099 0
1 10000 4530 3112 0
1 10000 4540 3102 0
1 10000 4550 3685 1
1 10000 4560 3122 0
1 10000 4570 3120 0
1 10000 4580 3102 0
1 10000 4590 3725 1
1 10000 4600 3706 1
1 10000 4610 3745 1
1 10000 4620 3158 0
1 9999 4630 3116 0
1 10000 4640 3715 1
1 9999 4650 3097 0
1 10000 4660 3115 0
1 10000 4670 3120 0
1 10000 4680 3133 0
1 10000 4690 3674 1
1 10000 4700 3154 0
1 10000 4710 3133 0
1 9999 4720 3720 1
1 10000 4730 3143 0
1 9999 4740 3172 0
1 10000 4750 3150 0
1 10000 4760 3079 0
1 10000 4770 3745 1
1 10000 4780 3115 0
1 10000 4790 3149 0
1 10000 4800 3679 1
1 10000 4810 3757 1
1 10000 4820 3101 0
1 10000 4830 3733 1
1 9999 4840 3718 1
1 10000 4850 3224 0
1 10000 4860 3434 0
1 9999 4870 3130 0
1 10000 4880 3724 1
1 10000 4890 3131 0
1 10000 4900 3087 0
1 10000 4910 3741 1
1 10000 4920 3516 0
1 10000 4930 3770 1
1 10000 4940 3851 1
1 10000 4950 3424 0
1 10000 4960 3745 1
1 10000 4970 3544 0
1 10000 4980 3495 0
1 10000 4990 3278 0
1 10000 5000 4011 1
1 10000 5010 3134 0
1 10000 5020 3816 1
1 10000 5030 3855 1
1 10000 5040 3313 0
1 10000 5050 3140 0
1 10000 5060 3836 1
1 9999 5070 3778 1
1 10000 5080 3876 1
1 10000 5090 3433 0
1 9999 5100 3265 0
1 10000 5110 3370 0
1 10000 5120 3243 0
1 9999 5130 3132 0
1 10000 5140 3923 1
1 9999 5150 3378 0
1 10000 5160 3744 1
1 10000 5170 4044 1
1 9999 5180 3502 0
1 10000 5190 3722 1
1 10000 5200 3314 0
1 10000 5210 4574 1
1 9999 5220 3743 1
1 10000 5230 3820 1
1 10000 5240 3880 1
1 10000 5250 3722 1
1 10000 5260 3153 0
1 10000 5270 3898 1
1 10000 5280 3146 0
1 10000 5290 3762 1
1 10000 5300 3129 0
1 10000 5310 3681 1
1 10000 5320 3726 1
1 10000 5330 3718 1
1 10000 5340 3127 0
1 10000 5350 3730 1
1 10000 5360 3667 1
1 10000 5370 3740 1
1 10000 5380 3128 0
1 10000 5390 3120 0
1 10000 5400 3688 1
1 10000 5410 3130 0
1 10000 5420 3735 1
1 10000 5430 3117 0
1 9999 5440 3690 1
1 10000 5450 3160 0
1 9999 5460 3737 1
1 10000 5470 3126 0
1 10000 5480 3134 0
1 10000 5490 3101 0
1 10000 5500 3127 0
1 9999 5510 3711 1
1 10000 5520 3121 0
1 10000 5530 3686 1
1 10000 5540 3117 0
1 10000 5550 3704 1
1 10000 5560 3141 0
1 10000 5570 3707 1
1 9999 5580 3094 0
1 9999 5590 3142 0
1 10000 5600 3113 0
1 10000 5610 3160 0
1 10000 5620 3660 1
1 10000 5630 3121 0
1 10000 5640 3693 1
1 10000 5650 3092 0
1 10000 5660 3673 1
1 10000 5670 3159 0
1 10000 5680 3704 1
1 10000 5690 3082 0
1 10000 5700 3687 1
1 10000 5710 3117 0
1 10000 5720 3652 1
1 10000 5730 3647 1
1 10000 5740 3674 1
1 10000 5750 3633 1
1 10000 5760 3119 0
1 10000 5770 3666 1
1 10000 5780 3090 0
1 10000 5790 3612 1
1 10000 5800 3058 0
1 10000 5810 3118 0
1 10000 5820 3662 1
1 9999 5830 3656 1
1 10000 5840 3091 0
1 10000 5850 3637 1
1 10000 5860 3096 0
1 10000 5870 3653 1
1 10000 5880 3066 0
1 10000 5890 3621 1
1 10000 5900 3085 0
1 10000 5910 3625 1
1 10000 5920 3059 0
1 10000 5930 3617 1
1 9999 5940 3039 0
1 10000 5950 3655 1
1 10000 5960 3049 0
1 9999 5970 3632 1
1 10000 5980 3060 0
1 10000 5990 3586 1
1 9999 6000 3017 0
1 10000 6010 3595 1
1 10000 6020 3169 0
1 10000 6030 3072 0
1 10000 6040 2993 0
1 10000 6050 3032 0
1 10000 6060 3607 1
1 9999 6070 3532 1
1 10000 6080 3080 0
1 10000 6090 3019 0
1 9999 6100 2995 0
1 9999 6110 3540 1
1 10000 6120 3536 1
1 10000 6130 2995 0
1 10000 6140 3045 0
1 10000 6150 3013 0
1 10000 6160 2992 0
1 10000 6170 3539 1
1 10000 6180 3024 0
1 9999 6190 3590 1
1 10000 6200 3018 0
1 10000 6210 3521 1
1 10000 6220 2986 0
1 10000 6230 3556 1
1 10000 6240 2988 0
1 10000 6250 3581 1
1 10000 6260 2988 0
1 10000 6270 3507 1
1 10000 6280 2940 0
1 10000 6290 3546 1
1 9999 6300 3065 0
1 10000 6310 3539 1
1 10000 6320 2986 0
1 10000 6330 3519 1
1 10000 6340 2951 0
1 10000 6350 3485 1
1 10000 6360 2962 0
1 10000 6370 3447 1
1 10000 6380 2971 0
1 10000 6390 3473 1
1 10000 6400 2913 0
1 9999 6410 2962 0
1 10000 6420 3445 1
1 9999 6430 3421 1
1 9999 6440 2933 0
1 10000 6450 2905 0
1 9999 6460 3419 1
1 9999 6470 2907 0
1 10000 6480 3481 1
1 9999 6490 2910 0
1 10000 6500 3450 1
1 10000 6510 2899 0
1 10000 6520 2983 0
1 10000 6530 3410 1
1 10000 6540 3419 1
1 10000 6550 2906 0
1 9999 6560 2877 0
1 10000 6570 3428 1
1 10000 6580 3412 1
1 10000 6590 3404 1
1 10000 6600 2848 0
1 10000 6610 2833 0
1 9999 6620 2855 0
1 10000 6630 3397 1
1 10000 6640 2893 0
1 10000 6650 3524 1
1 10000 6660 3384 1
1 10000 6670 3379 1
1 10000 6680 2855 0
1 9999 6690 3399 1
1 10000 6700 2809 0
1 10000 6710 3320 1
1 10000 6720 2847 0
1 10000 6730 3357 1
1 10000 6740 2840 0
1 10000 6750 3314 1
1 10000 6760 2786 0
1 10000 6770 2781 0
1 10000 6780 3293 1
1 10000 6790 2760 0
1 9999 6800 3285 1
1 9999 6810 2827 0
1 10000 6820 2784 0
1 10000 6830 3272 1
1 10000 6840 2777 0
1 9999 6850 2766 0
1 10000 6860 3254 1
1 10000 6870 2746 0
1 10000 6880 3252 1
1 10000 6890 2718 0
1 10000 6900 2741 0
1 9999 6910 3239 1
1 10000 6920 2779 0
1 10000 6930 3239 1
1 10000 6940 3180 1
1 10000 6950 2739 0
1 10000 6960 3237 1
1 10000 6970 2729 0
1 10000 6980 2723 0
1 10000 6990 3208 1
1 10000 7000 2692 0
1 9999 7010 3167 1
1 10000 7020 3210 1
1 10000 7030 2738 0
1 10000 7040 2663 0
1 9999 7050 3186 1
1 10000 7060 2675 0
1 10000 7070 3175 1
1 10000 7080 3149 1
1 9999 7090 2680 0
1 10000 7100 3123 1
1 10000 7110 3130 1
1 10000 7120 2663 0
1 10000 7130 2645 0
1 10000 7140 3095 1
1 10000 7150 3106 1
1 9999 7160 3120 1
1 10000 7170 3118 1
1 9999 7180 2610 0
1 10000 7190 2618 0
1 10000 7200 2617 0
1 10000 7210 3056 1
1 9999 7220 2630 0
1 9999 7230 2705 0
1 10000 7240 3047 1
1 10000 7250 3040 1
1 10000 7260 2557 0
1 10000 7270 3091 1
1 9999 7280 3015 1
1 10000 7290 2706 0
1 10000 7300 3246 1
1 10000 7310 2993 1
1 10000 7320 2987 1
1 10000 7330 2528 0
1 10000 7340 2527 0
1 10000 7350 2518 0
1 10000 7360 3011 1
1 10000 7370 2522 0
1 10000 7380 2517 0
1 9999 7390 2531 0
1 10000 7400 2958 1
1 10000 7410 2926 1
1 9999 7420 2943 1
1 10000 7430 2477 0
1 10000 7440 2469 0
1 10000 7450 2936 1
1 10000 7460 2875 1
1 10000 7470 2433 0
1 10000 7480 2467 0
1 10000 7490 2465 0
1 10000 7500 2456 0
1 10000 7510 2423 0
1 10000 7520 2428 0
1 10000 7530 2423 0
1 10000 7540 2411 0
1 10000 7550 2993 1
1 10000 7560 2888 1
1 10000 7570 2442 0
1 10000 7580 2876 1
1 10000 7590 2801 1
1 9999 7600 2407 0
1 10000 7610 2364 0
1 10000 7620 2352 0
1 10000 7630 2379 0
1 10000 7640 2363 0
1 10000 7650 2417 0
1 9999 7660 2376 0
1 10000 7670 2296 0
1 10000 7680 2341 0
1 10000 7690 2322 0
1 10000 7700 2763 1
1 10000 7710 2751 1
1 10000 7720 2313 0
1 10000 7730 2317 0
1 10000 7740 2307 0
1 9999 7750 2701 1
1 10000 7760 2282 0
1 10000 7770 2291 0
1 9999 7780 2677 1
1 9999 7790 2293 0
1 10000 7800 2648 1
1 10000 7810 2234 0
1 10000 7820 2658 1
1 10000 7830 2643 1
1 10000 7840 2151 0
1 10000 7850 2593 1
1 10000 7860 2633 1
1 10000 7870 2597 1
1 10000 7880 2611 1
1 10000 7890 2588 1
1 10000 7900 2242 0
1 10000 7910 2572 1
1 10000 7920 2515 1
1 10000 7930 2673 1
1 10000 7940 2530 1
1 10000 7950 2505 1
1 10000 7960 2523 1
1 10000 7970 2510 1
1 10000 7980 2142 0
1 9999 7990 2172 0
1 10000 8000 2120 0
1 10000 8010 2460 1
1 9999 8020 2495 1
1 9999 8030 2454 1
1 10000 8040 2062 0
1 10000 8050 2072 0
1 10000 8060 2085 0
1 10000 8070 2094 0
1 10000 8080 2427 1
1 10000 8090 2429 1
1 10000 8100 2414 1
1 10000 8110 2064 0
1 10000 8120 2353 1
1 10000 8130 2475 1
1 10000 8140 2346 1
1 10000 8150 2378 1
1 10000 8160 2004 0
1 10000 8170 1995 0
1 10000 8180 1982 0
1 10000 8190 2312 1
1 10000 8200 2009 0
1 10000 8210 1986 0
1 10000 8220 2255 1
1 9999 8230 2301 1
1 10000 8240 2289 1
1 9999 8250 1924 0
1 9999 8260 1943 0
1 10000 8270 1951 0
1 10000 8280 1934 0
1 10000 8290 1923 0
1 10000 8300 2217 1
1 10000 8310 1868 0
1 10000 8320 2197 1
1 10000 8330 1864 0
1 10000 8340 1820 0
1 10000 8350 2151 1
1 10000 8360 1843 0
1 10000 8370 2187 1
1 10000 8380 2134 1
1 10000 8390 2157 1
1 10000 8400 1818 0
1 10000 8410 2142 1
1 10000 8420 1804 0
1 10000 8430 2107 1
1 10000 8440 2074 1
1 10000 8450 2074 1
1 10000 8460 2070 1
1 10000 8470 1775 0
1 9999 8480 2031 1
1 10000 8490 2020 1
1 10000 8500 2026 1
1 10000 8510 2027 1
1 10000 8520 1718 0
1 10000 8530 1704 0
1 10000 8540 1700 0
1 10000 8550 1967 1
1 9999 8560 1959 1
1 10000 8570 1668 0
1 10000 8580 1671 0
1 10000 8590 1641 0
1 10000 8600 1993 1
1 10000 8610 1629 0
1 10000 8620 1626 0
1 10000 8630 1595 0
1 10000 8640 1630 0
1 9999 8650 1895 1
1 10000 8660 1637 0
1 9999 8670 1845 1
1 10000 8680 1845 1
1 10000 8690 1821 1
1 10000 8700 1852 1
1 10000 8710 1566 0
1 10000 8720 1788 1
1 9999 8730 1798 1
1 10000 8740 1527 0
1 10000 8750 1778 1
1 10000 8760 1763 1
1 9999 8770 1507 0
1 9999 8780 1739 1
1 10000 8790 1489 0
1 10000 8800 1475 0
1 10000 8810 1481 0
1 9999 8820 1683 1
1 10000 8830 1691 1
1 10000 8840 1432 0
1 10000 8850 1445 0
1 10000 8860 1666 1
1 10000 8870 1653 1
1 10000 8880 1437 0
1 9999 8890 1394 0
1 9999 8900 1846 1
1 10000 8910 1400 0
1 10000 8920 1582 1
1 9999 8930 1352 0
1 10000 8940 1365 0
1 10000 8950 1583 1
1 10000 8960 1578 1
1 10000 8970 1339 0
1 9999 8980 1310 0
1 9999 8990 1325 0
1 10000 9000 1280 0
1 9999 9010 1463 1
1 9999 9020 1502 1
1 10000 9030 1477 1
1 10000 9040 1488 1
1 10000 9050 1486 1
1 10000 9060 1220 0
1 10000 9070 1418 1
1 10000 9080 1204 0
1 10000 9090 1220 0
1 10000 9100 1404 1
1 9999 9110 1190 0
1 10000 9120 1356 1
1 10000 9130 1191 0
1 10000 9140 1189 0
1 10000 9150 1337 1
1 10000 9160 1151 0
1 10000 9170 1288 1
1 10000 9180 1277 1
1 10000 9190 1276 1
1 10000 9200 1260 1
1 10000 9210 1247 1
1 10000 9220 1246 1
1 10000 9230 1086 0
1 10000 9240 1072 0
1 10000 9250 1053 0
1 10000 9260 1145 1
1 10000 9270 1045 0
1 10000 9280 1164 1
1 10000 9290 1023 0
1 10000 9300 1153 1
1 10000 9310 990 0
1 9999 9320 1120 1
1 10000 9330 1121 1
1 10000 9340 1108 1
1 10000 9350 1086 1
1 10000 9360 954 0
1 10000 9370 1068 1
1 9999 9380 1038 1
1 10000 9390 1086 1
1 10000 9400 902 0
1 10000 9410 888 0
1 10000 9420 1003 1
1 9999 9430 983 1
1 10000 9440 838 0
1 10000 9450 958 1
1 10000 9460 943 1
1 10000 9470 820 0
1 10000 9480 936 1
1 9999 9490 884 0
1 10000 9500 875 1
1 10000 9510 895 1
1 10000 9520 766 0
1 10000 9530 856 1
1 10000 9540 867 1
1 10000 9550 819 1
1 10000 9560 749 0
1 9999 9570 722 0
1 9999 9580 777 1
1 10000 9590 687 0
1 10000 9600 789 1
1 10000 9610 664 0
1 9999 9620 732 1
1 9999 9630 646 0
1 10000 9640 735 1
1 10000 9650 694 1
1 10000 9660 620 0
1 10000 9670 670 1
1 10000 9680 598 0
1 10000 9690 662 1
1 10000 9700 646 1
1 9999 9710 553 0
1 10000 9720 615 1
1 10000 9730 551 0
1 10000 9740 510 0
1 10000 9750 576 1
1 10000 9760 500 0
1 9999 9770 493 0
1 10000 9780 530 1
1 10000 9790 534 1
1 10000 9800 469 0
1 10000 9810 459 0
1 10000 9820 493 1
1 10000 9830 426 0
1 10000 9840 436 0
1 10000 9850 444 1
1 10000 9860 415 1
1 10000 9870 419 1
1 10000 9880 375 0
1 9999 9890 389 1
1 10000 9900 350 0
1 10000 9910 331 0
1 10000 9920 328 0
1 9999 9930 326 1
1 10000 9940 310 1
1 10000 9950 278 0
1 10000 9960 282 0
1 10000 9970 277 1
1 9999 9980 253 1
1 10000 9990 237 0
1 10001 10000 238 0
