1 100 100 0 1
1 110 100 3 1
1 120 100 2 1
1 130 100 2 1
1 140 100 3 1
1 150 100 3 1
1 160 100 3 1
1 170 100 3 1
1 180 100 3 1
1 189 100 3 0
1 199 100 3 0
1 209 100 4 1
1 219 100 4 1
1 229 100 4 1
1 239 100 4 1
1 250 100 4 1
1 260 100 4 1
1 270 100 4 1
1 280 100 5 1
1 290 100 5 1
1 300 100 5 1
1 310 100 4 0
1 320 100 5 1
1 330 100 5 0
1 340 100 6 1
1 349 100 6 1
1 359 100 6 1
1 370 100 5 0
1 380 100 6 1
1 390 100 6 1
1 400 100 7 1
1 410 100 6 1
1 420 100 7 1
1 429 100 7 1
1 440 100 7 1
1 450 100 8 1
1 460 100 7 1
1 470 100 8 1
1 480 100 8 1
1 490 100 8 1
1 500 100 7 0
1 510 100 8 1
1 519 100 8 1
1 530 100 8 1
1 540 100 9 1
1 550 100 9 1
1 560 100 9 1
1 569 100 9 1
1 579 100 9 1
1 590 100 9 1
1 600 100 10 1
1 610 100 8 0
1 620 100 8 0
1 630 100 9 0
1 640 100 9 0
1 650 100 10 1
1 660 100 10 1
1 670 100 9 0
1 680 100 9 0
1 690 100 11 1
1 700 100 10 0
1 709 100 10 0
1 720 100 10 0
1 729 100 10 0
1 739 100 10 0
1 750 100 11 1
1 760 100 10 0
1 769 100 10 0
1 780 100 10 0
1 790 100 10 0
1 800 100 11 0
1 810 100 11 0
1 820 100 12 1
1 829 100 11 0
1 840 100 12 0
1 850 100 11 0
1 860 100 12 0
1 870 100 11 0
1 880 100 12 0
1 890 100 13 1
1 900 100 14 1
1 910 100 12 0
1 920 100 12 0
1 930 100 14 1
1 939 100 13 0
1 950 100 15 1
1 960 100 15 1
1 970 100 15 1
1 980 100 15 1
1 990 100 15 1
1 1000 100 15 1
1 1010 100 16 1
1 1020 100 16 1
1 1030 100 16 1
1 1040 100 16 1
1 1050 100 17 1
1 1060 100 17 1
1 1069 100 16 1
1 1080 100 16 1
1 1090 100 16 1
1 1100 100 16 1
1 1110 100 17 1
1 1120 100 17 1
1 1130 100 17 1
1 1140 100 17 1
1 1150 100 15 0
1 1159 100 17 1
1 1170 100 15 0
1 1180 100 20 0
1 1190 100 19 1
1 1200 100 17 0
1 1210 100 17 0
1 1220 100 17 0
1 1230 100 16 0
1 1240 100 17 0
1 1250 100 16 0
1 1260 100 16 0
1 1270 100 19 1
1 1280 100 16 0
1 1290 100 17 0
1 1300 100 17 0
1 1310 100 17 0
1 1320 100 17 0
1 1330 100 17 0
1 1340 100 20 1
1 1349 100 17 0
1 1360 100 20 1
1 1370 100 21 1
1 1380 100 21 1
1 1390 100 21 1
1 1400 100 21 1
1 1410 100 22 1
1 1420 100 21 1
1 1430 100 22 1
1 1440 100 22 1
1 1449 100 21 1
1 1460 100 20 0
1 1470 100 23 1
1 1480 100 22 1
1 1489 100 22 1
1 1500 100 22 1
1 1510 100 23 1
1 1520 100 23 1
1 1530 100 23 1
1 1540 100 23 1
1 1550 100 23 1
1 1560 100 20 0
1 1569 100 20 0
1 1580 100 21 0
1 1590 100 24 0
1 1600 100 25 1
1 1610 100 20 0
1 1620 100 25 1
1 1630 100 21 0
1 1640 100 21 0
1 1650 100 24 1
1 1660 100 21 0
1 1669 100 25 1
1 1680 100 25 1
1 1690 100 22 0
1 1700 100 25 1
1 1710 100 23 0
1 1720 100 26 1
1 1729 100 27 1
1 1740 100 27 1
1 1750 100 22 0
1 1760 100 23 0
1 1770 100 23 0
1 1780 100 27 1
1 1789 100 28 1
1 1800 100 27 1
1 1810 100 27 1
1 1820 100 27 1
1 1830 100 24 0
1 1840 100 30 1
1 1849 100 27 1
1 1859 100 23 0
1 1870 100 24 0
1 1879 100 24 0
1 1890 100 29 1
1 1900 100 24 0
1 1910 100 25 0
1 1920 100 29 1
1 1930 100 25 0
1 1940 100 25 0
1 1950 100 25 0
1 1960 100 25 0
1 1970 100 25 0
1 1980 100 26 0
1 1990 100 25 0
1 2000 100 31 1
1 2010 100 26 0
1 2020 100 27 0
1 2030 100 38 1
1 2039 100 31 1
1 2050 100 31 1
1 2060 100 31 1
1 2070 100 31 1
1 2080 100 31 1
1 2089 100 32 1
1 2099 100 31 1
1 2110 100 32 1
1 2120 100 32 1
1 2130 100 27 0
1 2139 100 32 1
1 2149 100 28 0
1 2159 100 33 1
1 2170 100 34 1
1 2179 100 28 0
1 2190 100 32 1
1 2200 100 33 1
1 2210 100 29 0
1 2220 100 33 1
1 2230 100 34 1
1 2240 100 35 1
1 2250 100 34 1
1 2260 100 35 1
1 2269 100 34 1
1 2280 100 35 1
1 2289 100 35 1
1 2300 100 29 0
1 2310 100 36 1
1 2319 100 29 0
1 2330 100 35 1
1 2340 100 35 1
1 2350 100 36 1
1 2359 100 30 0
1 2369 100 35 1
1 2379 100 35 1
1 2390 100 31 0
1 2400 100 41 1
1 2410 100 31 0
1 2420 100 40 1
1 2430 100 31 0
1 2440 100 36 1
1 2450 100 31 0
1 2459 100 40 1
1 2469 100 37 1
1 2480 100 33 0
1 2490 100 32 0
1 2500 100 37 1
1 2510 100 37 1
1 2520 100 32 0
1 2530 100 34 0
1 2540 100 33 0
1 2550 100 37 1
1 2560 100 39 1
1 2570 100 33 0
1 2580 100 33 0
1 2590 100 34 0
1 2599 100 35 0
1 2610 100 34 0
1 2620 100 39 1
1 2630 100 34 0
1 2640 100 39 1
1 2650 100 34 0
1 2660 100 34 0
1 2670 100 40 1
1 2680 100 40 1
1 2690 100 41 1
1 2699 100 34 0
1 2710 100 41 1
1 2720 100 46 1
1 2730 100 41 1
1 2740 100 40 1
1 2750 100 36 0
1 2760 100 35 0
1 2769 100 41 1
1 2780 100 41 1
1 2790 100 42 1
1 2799 100 35 0
1 2810 100 36 0
1 2819 100 36 0
1 2829 100 36 0
1 2840 100 36 0
1 2850 100 43 1
1 2860 100 37 0
1 2870 100 44 1
1 2880 100 43 1
1 2890 100 43 1
1 2900 100 44 1
1 2910 100 44 1
1 2920 100 44 1
1 2930 100 37 0
1 2940 100 43 1
1 2950 100 37 0
1 2960 100 37 0
1 2970 100 38 0
1 2980 100 38 0
1 2990 100 38 0
1 3000 100 39 0
1 3010 100 45 1
1 3020 100 38 0
1 3030 100 44 0
1 3040 100 40 0
1 3049 100 45 1
1 3060 100 46 1
1 3070 100 46 1
1 3080 100 46 1
1 3089 100 46 1
1 3100 100 46 1
1 3110 100 46 1
1 3120 100 40 0
1 3130 100 40 0
1 3139 100 40 0
1 3150 100 41 0
1 3159 100 40 0
1 3170 100 47 1
1 3180 100 40 0
1 3190 100 40 0
1 3199 100 48 1
1 3210 100 41 0
1 3220 100 49 1
1 3230 100 41 0
1 3240 100 49 1
1 3250 100 49 1
1 3260 100 50 1
1 3270 100 49 1
1 3280 100 43 0
1 3290 100 48 1
1 3300 100 43 0
1 3310 100 49 1
1 3320 100 43 0
1 3330 100 42 0
1 3340 100 42 0
1 3350 100 42 0
1 3360 100 50 1
1 3370 100 50 1
1 3379 100 50 1
1 3390 100 51 1
1 3400 100 51 1
1 3409 100 54 1
1 3419 100 51 1
1 3430 100 51 1
1 3440 100 47 0
1 3450 100 44 0
1 3460 100 52 1
1 3470 100 45 0
1 3480 100 46 0
1 3490 100 46 0
1 3500 100 52 1
1 3510 100 58 1
1 3520 100 45 0
1 3530 100 53 1
1 3539 100 45 0
1 3550 100 54 1
1 3560 100 54 1
1 3570 100 54 1
1 3579 100 52 1
1 3590 100 46 0
1 3600 100 45 0
1 3609 100 46 0
1 3619 100 47 0
1 3630 100 46 0
1 3640 100 54 1
1 3650 100 54 1
1 3659 100 54 1
1 3670 100 57 1
1 3680 100 56 1
1 3690 100 56 1
1 3700 100 55 1
1 3709 100 55 1
1 3720 100 56 1
1 3730 100 56 1
1 3740 100 60 1
1 3749 100 47 0
1 3760 100 48 0
1 3770 100 57 1
1 3780 100 48 0
1 3790 100 48 0
1 3800 100 57 1
1 3810 100 58 1
1 3819 100 60 1
1 3829 100 59 1
1 3840 100 58 1
1 3850 100 61 1
1 3860 100 58 1
1 3870 100 50 0
1 3880 100 59 1
1 3889 100 51 0
1 3900 100 49 0
1 3909 100 50 0
1 3920 100 50 0
1 3929 100 50 0
1 3940 100 59 1
1 3950 100 60 1
1 3960 100 59 1
1 3970 100 60 1
1 3980 100 61 1
1 3990 100 50 0
1 4000 100 60 1
1 4010 100 51 0
1 4020 100 51 0
1 4030 100 52 0
1 4039 100 51 0
1 4050 100 51 0
1 4059 100 60 1
1 4070 100 65 1
1 4080 100 52 0
1 4090 100 62 1
1 4099 100 61 1
1 4110 100 63 1
1 4120 100 52 0
1 4129 100 61 1
1 4140 100 52 0
1 4150 100 53 0
1 4160 100 52 0
1 4169 100 62 1
1 4180 100 65 1
1 4190 100 53 0
1 4200 100 63 1
1 4210 100 63 1
1 4220 100 63 1
1 4229 100 63 1
1 4240 100 63 1
1 4250 100 65 1
1 4260 100 68 1
1 4270 100 54 0
1 4279 100 57 0
1 4290 100 54 0
1 4300 100 54 0
1 4309 100 65 1
1 4320 100 65 1
1 4330 100 64 1
1 4340 100 55 0
1 4350 100 55 0
1 4360 100 69 1
1 4370 100 66 1
1 4380 100 65 1
1 4390 100 55 0
1 4400 100 67 1
1 4410 100 66 1
1 4419 100 56 0
1 4430 100 71 1
1 4440 100 67 1
1 4450 100 56 0
1 4460 100 70 1
1 4470 100 57 0
1 4480 100 67 1
1 4490 100 68 1
1 4499 100 68 1
1 4510 100 58 0
1 4520 100 57 0
1 4530 100 58 0
1 4540 100 69 1
1 4550 100 67 1
1 4560 100 68 1
1 4570 100 68 1
1 4580 100 68 1
1 4590 100 68 1
1 4600 100 70 1
1 4610 100 68 1
1 4620 100 70 1
1 4629 100 70 1
1 4639 100 58 0
1 4650 100 59 0
1 4659 100 59 0
1 4670 100 68 1
1 4680 100 70 1
1 4690 100 70 1
1 4700 100 72 1
1 4709 100 68 1
1 4720 100 60 0
1 4730 100 70 1
1 4739 100 71 1
1 4750 100 60 0
1 4760 100 73 1
1 4770 100 71 1
1 4780 100 71 1
1 4790 100 71 1
1 4800 100 72 1
1 4810 100 71 1
1 4819 100 61 0
1 4830 100 73 1
1 4840 100 61 0
1 4850 100 62 0
1 4860 100 72 1
1 4870 100 62 0
1 4880 100 73 1
1 4890 100 73 1
1 4900 100 74 1
1 4910 100 74 1
1 4920 100 62 0
1 4930 100 74 1
1 4940 100 62 0
1 4950 100 64 0
1 4960 100 62 0
1 4970 100 62 0
1 4980 100 74 1
1 4990 100 63 0
1 5000 100 63 0
1 5010 100 76 1
1 5020 100 76 1
1 5029 100 64 0
1 5040 100 76 1
1 5050 100 65 0
1 5060 100 66 0
1 5070 100 63 0
1 5080 100 65 0
1 5090 100 64 0
1 5100 100 76 1
1 5110 100 76 1
1 5120 100 77 1
1 5130 100 76 1
1 5140 100 76 1
1 5150 100 76 1
1 5160 100 65 0
1 5170 100 67 0
1 5180 100 66 0
1 5189 100 65 0
1 5200 100 78 1
1 5210 100 78 1
1 5220 100 79 1
1 5230 100 77 1
1 5240 100 78 1
1 5250 100 80 1
1 5260 100 67 0
1 5270 100 74 0
1 5280 100 66 0
1 5290 100 68 0
1 5300 100 79 1
1 5310 100 80 1
1 5320 100 80 1
1 5330 100 81 1
1 5339 100 80 1
1 5350 100 69 0
1 5360 100 80 1
1 5369 100 67 0
1 5380 100 68 0
1 5390 100 69 0
1 5399 100 69 0
1 5409 100 80 1
1 5420 100 80 1
1 5430 100 81 1
1 5440 100 70 0
1 5450 100 69 0
1 5460 100 69 0
1 5470 100 70 0
1 5480 100 70 0
1 5490 100 82 1
1 5500 100 71 0
1 5510 100 82 1
1 5520 100 85 1
1 5530 100 81 1
1 5539 100 70 0
1 5549 100 70 0
1 5560 100 73 0
1 5570 100 84 1
1 5580 100 71 0
1 5590 100 84 1
1 5600 100 85 1
1 5610 100 89 1
1 5620 100 85 1
1 5630 100 72 0
1 5640 100 72 0
1 5650 100 72 0
1 5660 100 71 0
1 5670 100 72 0
1 5680 100 71 0
1 5690 100 72 0
1 5699 100 85 1
1 5710 100 86 1
1 5720 100 86 1
1 5729 100 85 1
1 5740 100 74 0
1 5750 100 73 0
1 5760 100 73 0
1 5770 100 86 1
1 5779 100 85 1
1 5790 100 93 1
1 5800 100 87 1
1 5810 100 87 1
1 5820 100 74 0
1 5829 100 86 1
1 5840 100 87 1
1 5850 100 74 0
1 5860 100 87 1
1 5870 100 88 1
1 5880 100 89 1
1 5889 100 89 1
1 5900 100 88 1
1 5910 100 75 0
1 5919 100 77 0
1 5930 100 91 1
1 5940 100 76 0
1 5950 100 89 1
1 5960 100 90 1
1 5970 100 92 1
1 5980 100 89 1
1 5990 100 75 0
1 6000 100 89 1
1 6010 100 77 0
1 6020 100 75 0
1 6029 100 76 0
1 6040 100 89 1
1 6050 100 97 1
1 6060 100 77 0
1 6070 100 76 0
1 6079 100 92 1
1 6089 100 77 0
1 6100 100 76 0
1 6110 100 77 0
1 6120 100 79 0
1 6130 100 92 1
1 6140 100 93 1
1 6149 100 77 0
1 6159 100 91 1
1 6170 100 78 0
1 6180 100 79 0
1 6190 100 77 0
1 6200 100 82 0
1 6210 100 92 1
1 6220 100 79 0
1 6230 100 92 1
1 6240 100 79 0
1 6250 100 81 0
1 6260 100 79 0
1 6269 100 93 1
1 6280 100 78 0
1 6290 100 81 0
1 6300 100 94 1
1 6310 100 98 1
1 6320 100 94 1
1 6330 100 79 0
1 6340 100 81 0
1 6350 100 94 1
1 6360 100 82 0
1 6370 100 87 0
1 6380 100 81 0
1 6390 100 87 0
1 6400 100 81 0
1 6410 100 96 1
1 6420 100 100 1
1 6430 100 81 0
1 6440 100 101 1
1 6450 100 81 0
1 6460 100 95 1
1 6470 100 97 1
1 6480 100 97 1
1 6490 100 96 1
1 6500 100 82 0
1 6510 100 96 1
1 6520 100 81 0
1 6530 100 98 1
1 6540 100 82 0
1 6550 100 97 1
1 6560 100 97 1
1 6570 100 97 1
1 6580 100 83 0
1 6590 100 83 0
1 6600 100 86 0
1 6610 100 83 0
1 6620 100 97 1
1 6630 100 84 0
1 6640 100 99 1
1 6650 100 98 1
1 6660 100 97 0
1 6670 100 87 0
1 6680 100 101 1
1 6690 100 85 0
1 6699 100 99 1
1 6710 100 99 1
1 6720 100 100 1
1 6730 100 101 1
1 6740 100 85 0
1 6750 100 105 1
1 6760 100 99 1
1 6770 100 102 1
1 6780 100 103 1
1 6790 100 100 1
1 6800 100 105 1
1 6810 100 101 1
1 6820 100 86 0
1 6830 100 85 0
1 6840 100 86 0
1 6850 100 101 1
1 6860 100 103 1
1 6870 100 88 0
1 6880 100 105 1
1 6890 100 103 1
1 6899 100 87 0
1 6910 100 105 1
1 6920 100 87 0
1 6929 100 88 0
1 6939 100 106 1
1 6950 100 108 1
1 6960 100 88 0
1 6970 100 88 0
1 6979 100 97 0
1 6990 100 89 0
1 7000 100 90 0
1 7010 100 105 1
1 7020 100 89 0
1 7029 100 105 1
1 7040 100 104 1
1 7050 100 105 1
1 7060 100 104 1
1 7070 100 105 1
1 7080 100 107 1
1 7089 100 105 1
1 7100 100 90 0
1 7110 100 106 1
1 7120 100 105 1
1 7130 100 106 1
1 7140 100 89 0
1 7149 100 106 1
1 7160 100 107 1
1 7170 100 108 1
1 7180 100 116 1
1 7190 100 93 0
1 7199 100 92 0
1 7210 100 108 1
1 7220 100 90 0
1 7230 100 108 1
1 7240 100 108 1
1 7250 100 108 1
1 7260 100 91 0
1 7270 100 92 0
1 7280 100 91 0
1 7290 100 92 0
1 7300 100 92 0
1 7310 100 94 0
1 7320 100 109 1
1 7330 100 93 0
1 7340 100 92 0
1 7350 100 93 0
1 7360 100 117 1
1 7370 100 110 1
1 7380 100 112 1
1 7390 100 112 1
1 7400 100 94 0
1 7410 100 112 1
1 7419 100 95 0
1 7430 100 110 1
1 7440 100 93 0
1 7449 100 94 0
1 7460 100 111 1
1 7470 100 111 1
1 7480 100 96 0
1 7490 100 113 1
1 7500 100 94 0
1 7510 100 113 1
1 7520 100 113 1
1 7530 100 112 1
1 7540 100 115 1
1 7550 100 94 0
1 7560 100 95 0
1 7570 100 116 1
1 7580 100 113 1
1 7590 100 119 1
1 7600 100 118 1
1 7610 100 96 0
1 7620 100 96 0
1 7630 100 112 1
1 7639 100 96 0
1 7650 100 115 1
1 7659 100 114 1
1 7670 100 113 1
1 7679 100 96 0
1 7690 100 98 0
1 7700 100 99 0
1 7710 100 97 0
1 7720 100 116 1
1 7730 100 115 1
1 7739 100 114 1
1 7750 100 115 1
1 7760 100 97 0
1 7770 100 116 1
1 7780 100 117 1
1 7790 100 116 1
1 7800 100 116 1
1 7810 100 99 0
1 7819 100 98 0
1 7830 100 127 1
1 7840 100 118 1
1 7850 100 117 1
1 7860 100 117 1
1 7870 100 125 1
1 7880 100 100 0
1 7890 100 104 0
1 7900 100 99 0
1 7910 100 100 0
1 7920 100 120 1
1 7930 100 116 1
1 7939 100 124 1
1 7950 100 117 1
1 7960 100 100 0
1 7970 100 118 1
1 7980 100 120 1
1 7990 100 109 0
1 8000 100 120 1
1 8010 100 120 1
1 8020 100 106 0
1 8029 100 120 1
1 8040 100 102 0
1 8050 100 121 1
1 8060 100 103 0
1 8070 100 106 0
1 8079 100 107 0
1 8090 100 101 0
1 8100 100 101 0
1 8110 100 119 1
1 8120 100 122 1
1 8130 100 120 1
1 8140 100 120 1
1 8150 100 123 1
1 8160 100 121 1
1 8170 100 124 1
1 8180 100 123 1
1 8190 100 108 0
1 8199 100 126 1
1 8210 100 105 0
1 8219 100 104 0
1 8230 100 104 0
1 8239 100 122 1
1 8249 100 104 0
1 8260 100 124 1
1 8270 100 124 1
1 8280 100 122 1
1 8290 100 105 0
1 8300 100 125 1
1 8309 100 125 1
1 8320 100 105 0
1 8330 100 124 1
1 8339 100 106 0
1 8350 100 105 0
1 8360 100 106 0
1 8369 100 124 1
1 8380 100 123 1
1 8390 100 127 1
1 8400 100 106 0
1 8410 100 107 0
1 8419 100 129 1
1 8430 100 125 1
1 8440 100 106 0
1 8450 100 125 1
1 8459 100 127 1
1 8469 100 107 0
1 8480 100 107 0
1 8490 100 108 0
1 8500 100 126 1
1 8510 100 106 0
1 8520 100 109 0
1 8529 100 126 1
1 8540 100 107 0
1 8549 100 107 0
1 8560 100 127 1
1 8569 100 129 1
1 8580 100 109 0
1 8590 100 110 0
1 8600 100 127 1
1 8609 100 108 0
1 8620 100 127 1
1 8630 100 127 1
1 8640 100 110 0
1 8650 100 109 0
1 8659 100 109 0
1 8670 100 110 0
1 8679 100 128 1
1 8690 100 129 1
1 8700 100 134 1
1 8710 100 110 0
1 8719 100 112 0
1 8730 100 110 0
1 8740 100 135 1
1 8750 100 132 1
1 8760 100 147 1
1 8769 100 131 0
1 8780 100 131 1
1 8790 100 136 1
1 8800 100 112 0
1 8810 100 194 1
1 8820 100 142 1
1 8830 100 141 1
1 8840 100 133 1
1 8850 100 132 1
1 8860 100 133 1
1 8870 100 141 1
1 8880 100 118 0
1 8890 100 111 0
1 8899 100 133 1
1 8910 100 132 1
1 8920 100 136 1
1 8930 100 113 0
1 8940 100 114 0
1 8950 100 113 0
1 8960 100 133 1
1 8970 100 113 0
1 8980 100 143 1
1 8990 100 114 0
1 8999 100 123 0
1 9010 100 117 0
1 9020 100 135 1
1 9030 100 133 1
1 9040 100 114 0
1 9050 100 141 1
1 9060 100 117 0
1 9070 100 138 1
1 9080 100 137 1
1 9090 100 136 1
1 9100 100 117 0
1 9110 100 116 0
1 9120 100 116 0
1 9130 100 138 1
1 9140 100 136 1
1 9150 100 136 1
1 9159 100 117 0
1 9170 100 116 0
1 9180 100 115 0
1 9189 100 137 1
1 9200 100 137 1
1 9210 100 139 1
1 9220 100 118 0
1 9230 100 139 1
1 9240 100 138 1
1 9250 100 137 1
1 9260 100 140 1
1 9269 100 117 0
1 9280 100 139 1
1 9290 100 118 0
1 9300 100 117 0
1 9310 100 119 0
1 9320 100 143 1
1 9330 100 140 1
1 9340 100 122 0
1 9350 100 139 1
1 9360 100 140 1
1 9370 100 122 0
1 9379 100 119 0
1 9390 100 141 1
1 9400 100 119 0
1 9410 100 139 1
1 9420 100 141 1
1 9430 100 146 1
1 9440 100 121 0
1 9450 100 119 0
1 9460 100 119 0
1 9470 100 140 1
1 9480 100 120 0
1 9489 100 120 0
1 9500 100 120 0
1 9510 100 134 0
1 9520 100 145 1
1 9530 100 147 1
1 9540 100 141 1
1 9550 100 131 0
1 9560 100 160 1
1 9570 100 149 1
1 9580 100 142 1
1 9590 100 144 1
1 9600 100 121 0
1 9610 100 143 1
1 9620 100 122 0
1 9630 100 143 1
1 9640 100 121 0
1 9650 100 123 0
1 9660 100 146 1
1 9670 100 129 0
1 9680 100 177 1
1 9689 100 151 1
1 9699 100 131 0
1 9710 100 155 1
1 9720 100 159 1
1 9730 100 145 1
1 9740 100 123 0
1 9750 100 149 1
1 9760 100 151 1
1 9769 100 121 0
1 9780 100 150 1
1 9790 100 146 1
1 9800 100 146 1
1 9810 100 127 0
1 9820 100 127 0
1 9830 100 129 0
1 9839 100 149 1
1 9850 100 159 1
1 9860 100 125 0
1 9869 100 126 0
1 9880 100 148 1
1 9890 100 152 1
1 9900 100 147 1
1 9910 100 125 0
1 9919 100 130 0
1 9930 100 151 1
1 9940 100 146 1
1 9950 100 148 1
1 9959 100 159 1
1 9970 100 132 0
1 9979 100 132 0
1 9990 100 135 0
1 10000 100 136 0
